{
 "cells": [
  {
   "cell_type": "code",
   "execution_count": 1,
   "metadata": {},
   "outputs": [],
   "source": [
    "%load_ext autoreload\n",
    "%autoreload 2\n",
    "%matplotlib inline\n",
    "import scipy.io as sio\n",
    "from dataclasses import dataclass\n",
    "from typing import List, Tuple\n",
    "import os\n",
    "from dotenv import load_dotenv\n",
    "load_dotenv()\n",
    "import tidy3d as td\n",
    "from tidy3d import web\n",
    "import numpy as np\n",
    "from pathlib import Path\n",
    "from stl import mesh\n",
    "import matplotlib.pyplot as plt"
   ]
  },
  {
   "cell_type": "code",
   "execution_count": 2,
   "metadata": {},
   "outputs": [],
   "source": [
    "import sys\n",
    "import os\n",
    "\n",
    "# Assuming /AutomationModule is in the root directory of your project\n",
    "sys.path.append(os.path.abspath(fr'H:\\phd stuff\\tidy3d'))\n",
    "\n",
    "from AutomationModule import * \n",
    "\n",
    "import AutomationModule as AM"
   ]
  },
  {
   "cell_type": "code",
   "execution_count": 3,
   "metadata": {},
   "outputs": [],
   "source": [
    "def get_coords(multiplication_factor,t_slab_x,t_slab_y,t_slab_z):\n",
    "    x_size,y_size,z_size = t_slab_x/multiplication_factor,t_slab_y/multiplication_factor,t_slab_z\n",
    "    coordinates_slabs=[]\n",
    "    for i in range(multiplication_factor):\n",
    "        for j in range(multiplication_factor):\n",
    "            center_x = (i - ( multiplication_factor/ 2) + 0.5) * x_size\n",
    "            center_y = (j - ( multiplication_factor/ 2) + 0.5) * y_size\n",
    "            center_z = 0  # All cubes are centered on the z=0 plane\n",
    "            coord_item = {\n",
    "                    \"X\": (center_x - x_size/2, center_x + x_size/2),\n",
    "                    \"Y\": (center_y - y_size/2, center_y + y_size/2),\n",
    "                    \"Z\": (-z_size/2, z_size/2),\n",
    "                    \"center\": (center_x, center_y, center_z)\n",
    "                    }\n",
    "            \n",
    "            coordinates_slabs+=[coord_item]\n",
    "\n",
    "    return coordinates_slabs"
   ]
  },
  {
   "cell_type": "code",
   "execution_count": 4,
   "metadata": {},
   "outputs": [],
   "source": [
    "# Function to create a solid cylinder with specified center coordinates\n",
    "def create_cylinder_from_ends(top_center, bottom_center, radius):\n",
    "    # Calculate height of the cylinder\n",
    "    height = np.linalg.norm(np.array(top_center) - np.array(bottom_center))\n",
    "    bottom_center=bottom_center\n",
    "\n",
    "    # Calculate the vector direction of the cylinder\n",
    "    axis_direction = np.array(top_center) - np.array(bottom_center)\n",
    "    axis_direction /= np.linalg.norm(axis_direction) #Unitary vector to calculate rotation angle \n",
    "\n",
    "    # Calculate the rotation matrix to align cylinder with the given axis direction\n",
    "    z_axis = np.array([0, 0, 1])\n",
    "    rotation_axis = np.cross(z_axis, axis_direction)\n",
    "    rotation_angle = np.arccos(np.dot(z_axis, axis_direction))\n",
    "    rotation_matrix = mesh.Mesh.rotation_matrix(rotation_axis, rotation_angle)\n",
    "    # Create a 4x4 identity matrix\n",
    "    matrix_4x4 = np.eye(4)\n",
    "\n",
    "    # Insert the 3x3 matrix into the top-left corner of the new matrix\n",
    "    matrix_4x4[:3, :3] = np.copy(rotation_matrix)\n",
    "\n",
    "    # Set the fourth column and fourth row for homogeneous transformation\n",
    "    # The typical homogeneous transformation uses [0, 0, 0, 1] for the last row and column\n",
    "    matrix_4x4[3, :3] = [0, 0, 0]  # Fourth row\n",
    "    matrix_4x4[:3, 3] = [0, 0, 0]  # Fourth column\n",
    "    matrix_4x4[3, 3] = 1           # Bottom-right corner remains 1\n",
    "\n",
    "    \n",
    "   \n",
    "    cylinder_center = tuple((np.array(top_center) + np.array(bottom_center))/2)\n",
    "    trans = td.Transformed.translation(cylinder_center[0],cylinder_center[1],cylinder_center[2])\n",
    "    transformed = td.Transformed(geometry=td.Cylinder(center=(0,0,0), radius=radius, length=height),transform=trans@matrix_4x4)\n",
    "\n",
    "    return transformed"
   ]
  },
  {
   "cell_type": "code",
   "execution_count": 5,
   "metadata": {},
   "outputs": [],
   "source": [
    "tidy3dAPI = os.environ[\"API_TIDY3D_KEY\"]"
   ]
  },
  {
   "cell_type": "code",
   "execution_count": 6,
   "metadata": {},
   "outputs": [],
   "source": [
    "a = 3.4\n",
    "run = False\n",
    "lambdas = a/np.array([0.3,0.9]) \n"
   ]
  },
  {
   "cell_type": "code",
   "execution_count": 7,
   "metadata": {},
   "outputs": [
    {
     "name": "stdout",
     "output_type": "stream",
     "text": [
      "02_Sample_600_res_L18.01_28ff_eps.h5\n",
      "Configured successfully.\n"
     ]
    }
   ],
   "source": [
    "folder_path = rf\"H:\\phd stuff\\tidy3d\\structures\\08_13_2024 Luis H5 18.01a\\sample 2\"\n",
    "project_name = \"11_07_2024 Florescu LSU Focused Beam Ref 60ps\"\n",
    "postprocess_results = []\n",
    "runtime_ps = 30e-12\n",
    "min_steps_per_lambda = 20\n",
    "for direction in [\"z\"]: \n",
    "    for filename in os.listdir(folder_path):\n",
    "     for perm in [2.7**2]:\n",
    "        print(filename)\n",
    "        if not (Path(filename).suffix==\".h5\" or Path(filename).suffix==\".stl\"):\n",
    "            continue \n",
    "        if os.path.isfile(os.path.join(folder_path, filename)):\n",
    "            file=os.path.join(folder_path, filename)\n",
    "            structure_1 = AM.loadAndRunStructure(key = tidy3dAPI, file_path=file\n",
    "                                            ,direction=direction, lambda_range=lambdas,\n",
    "                                            box_size=14.3,runtime_ps=runtime_ps,min_steps_per_lambda=min_steps_per_lambda, permittivity=perm,\n",
    "                                           scaling=1,shuoff_condtion=1e-20, verbose=True, \n",
    "                                           monitors=[\"flux\"], freqs=250, \n",
    "                                           cut_condition=1.0, source=\"planewave\", absorbers=120, use_permittivity=False,\n",
    "                                           ref_only=True\n",
    "                                           )"
   ]
  },
  {
   "cell_type": "code",
   "execution_count": 8,
   "metadata": {},
   "outputs": [],
   "source": [
    "file_path =  fr\"H:\\phd stuff\\tidy3d\\structures\\End2EndFiles\\Florescu LSU 14.3\\ak4_1000_ends.dat\"\n",
    "data = []\n",
    "with open(file_path, 'r') as file:\n",
    "    for line in file: \n",
    "        row = [float(value) for value in line.split()]\n",
    "        data += [np.array(row)]\n",
    "\n",
    "data = np.array(data)\n",
    "\n",
    "tops_centered = (data[:,:3])\n",
    "bottoms_centered = (data[:,3:])\n",
    "\n",
    "radius = 0.38\n",
    "\n",
    "\n",
    "cyl_group = []\n",
    "\n",
    "\n",
    "\n",
    "coords = get_coords(structure_1.multiplication_factor,structure_1.t_slab_x,structure_1.t_slab_y,structure_1.t_slab_z)\n",
    "\n",
    "\n",
    "for k,coord in enumerate(coords):\n",
    "    tops = np.copy(tops_centered)\n",
    "    bottoms = np.copy(bottoms_centered)\n",
    "    for cil,item in enumerate(tops):\n",
    "         cyl_group.append(create_cylinder_from_ends(tops[cil], bottoms[cil], radius))\n",
    "\n",
    "    \n",
    "   \n"
   ]
  },
  {
   "cell_type": "code",
   "execution_count": 9,
   "metadata": {},
   "outputs": [],
   "source": [
    "sim = structure_1.sim\n"
   ]
  },
  {
   "cell_type": "code",
   "execution_count": 10,
   "metadata": {},
   "outputs": [
    {
     "data": {
      "text/html": [
       "<pre style=\"white-space:pre;overflow-x:auto;line-height:normal;font-family:Menlo,'DejaVu Sans Mono',consolas,'Courier New',monospace\"><span style=\"color: #7fbfbf; text-decoration-color: #7fbfbf\">13:32:58 W. Europe Standard Time </span><span style=\"color: #800000; text-decoration-color: #800000\">WARNING: Structure at </span><span style=\"color: #008000; text-decoration-color: #008000\">'structures[1]'</span><span style=\"color: #800000; text-decoration-color: #800000\"> has      </span>\n",
       "<span style=\"color: #7fbfbf; text-decoration-color: #7fbfbf\">                                 </span><span style=\"color: #800000; text-decoration-color: #800000\">bounds that extend exactly to simulation edges.</span>\n",
       "<span style=\"color: #7fbfbf; text-decoration-color: #7fbfbf\">                                 </span><span style=\"color: #800000; text-decoration-color: #800000\">This can cause unexpected behavior. If         </span>\n",
       "<span style=\"color: #7fbfbf; text-decoration-color: #7fbfbf\">                                 </span><span style=\"color: #800000; text-decoration-color: #800000\">intending to extend the structure to infinity  </span>\n",
       "<span style=\"color: #7fbfbf; text-decoration-color: #7fbfbf\">                                 </span><span style=\"color: #800000; text-decoration-color: #800000\">along one dimension, use td.inf as a size      </span>\n",
       "<span style=\"color: #7fbfbf; text-decoration-color: #7fbfbf\">                                 </span><span style=\"color: #800000; text-decoration-color: #800000\">variable instead to make this explicit.        </span>\n",
       "</pre>\n"
      ],
      "text/plain": [
       "\u001b[2;36m13:32:58 W. Europe Standard Time\u001b[0m\u001b[2;36m \u001b[0m\u001b[31mWARNING: Structure at \u001b[0m\u001b[32m'structures\u001b[0m\u001b[32m[\u001b[0m\u001b[32m1\u001b[0m\u001b[32m]\u001b[0m\u001b[32m'\u001b[0m\u001b[31m has      \u001b[0m\n",
       "\u001b[2;36m                                 \u001b[0m\u001b[31mbounds that extend exactly to simulation edges.\u001b[0m\n",
       "\u001b[2;36m                                 \u001b[0m\u001b[31mThis can cause unexpected behavior. If         \u001b[0m\n",
       "\u001b[2;36m                                 \u001b[0m\u001b[31mintending to extend the structure to infinity  \u001b[0m\n",
       "\u001b[2;36m                                 \u001b[0m\u001b[31malong one dimension, use td.inf as a size      \u001b[0m\n",
       "\u001b[2;36m                                 \u001b[0m\u001b[31mvariable instead to make this explicit.        \u001b[0m\n"
      ]
     },
     "metadata": {},
     "output_type": "display_data"
    },
    {
     "data": {
      "text/html": [
       "<pre style=\"white-space:pre;overflow-x:auto;line-height:normal;font-family:Menlo,'DejaVu Sans Mono',consolas,'Courier New',monospace\"><span style=\"color: #7fbfbf; text-decoration-color: #7fbfbf\">                                 </span><span style=\"color: #800000; text-decoration-color: #800000\">WARNING: Suppressed </span><span style=\"color: #008080; text-decoration-color: #008080; font-weight: bold\">1</span><span style=\"color: #800000; text-decoration-color: #800000\"> WARNING message.         </span>\n",
       "</pre>\n"
      ],
      "text/plain": [
       "\u001b[2;36m                                \u001b[0m\u001b[2;36m \u001b[0m\u001b[31mWARNING: Suppressed \u001b[0m\u001b[1;36m1\u001b[0m\u001b[31m WARNING message.         \u001b[0m\n"
      ]
     },
     "metadata": {},
     "output_type": "display_data"
    },
    {
     "data": {
      "text/html": [
       "\n",
       "    <div class=\"simulation-viewer\" data-width=\"800\" data-height=\"800\" data-simulation=\"{&quot;attrs&quot;: {}, &quot;type&quot;: &quot;Simulation&quot;, &quot;center&quot;: [0.0, 0.0, 0.0], &quot;size&quot;: [14.3, 14.3, 51.96666666666667], &quot;medium&quot;: {&quot;attrs&quot;: {}, &quot;name&quot;: null, &quot;frequency_range&quot;: null, &quot;allow_gain&quot;: false, &quot;nonlinear_spec&quot;: null, &quot;modulation_spec&quot;: null, &quot;heat_spec&quot;: null, &quot;type&quot;: &quot;Medium&quot;, &quot;permittivity&quot;: 1.0, &quot;conductivity&quot;: 0.0}, &quot;structures&quot;: [{&quot;attrs&quot;: {}, &quot;geometry&quot;: {&quot;attrs&quot;: {}, &quot;type&quot;: &quot;GeometryGroup&quot;, &quot;geometries&quot;: [{&quot;attrs&quot;: {}, &quot;type&quot;: &quot;Transformed&quot;, &quot;geometry&quot;: {&quot;attrs&quot;: {}, &quot;type&quot;: &quot;Cylinder&quot;, &quot;axis&quot;: 2, &quot;sidewall_angle&quot;: 0.0, &quot;reference_plane&quot;: &quot;middle&quot;, &quot;radius&quot;: 0.38, &quot;center&quot;: [0.0, 0.0, 0.0], &quot;length&quot;: 1.0029103764380167}, &quot;transform&quot;: [[0.9859077207974194, -0.04938533509677383, 0.1598344604564902, -6.912939963564858], [-0.04938533509677383, 0.8269327986225252, 0.560127874007086, -6.901567207086954], [-0.1598344604564902, -0.560127874007086, 0.8128405194199444, -1.4475418332564096], [0.0, 0.0, 0.0, 1.0]]}, {&quot;attrs&quot;: {}, &quot;type&quot;: &quot;Transformed&quot;, &quot;geometry&quot;: {&quot;attrs&quot;: {}, &quot;type&quot;: &quot;Cylinder&quot;, &quot;axis&quot;: 2, &quot;sidewall_angle&quot;: 0.0, &quot;reference_plane&quot;: &quot;middle&quot;, &quot;radius&quot;: 0.38, &quot;center&quot;: [0.0, 0.0, 0.0], &quot;length&quot;: 0.9734210064761472}, &quot;transform&quot;: [[0.993739682824902, 0.07193405144054053, 0.08548061196793709, -6.874394427180864], [0.07193405144054053, 0.1734431959401081, -0.9822132915133205, -6.142635554097789], [-0.08548061196793709, 0.9822132915133205, 0.16718287876500998, -1.1213083148554057], [0.0, 0.0, 0.0, 1.0]]}, {&quot;attrs&quot;: {}, &quot;type&quot;: &quot;Transformed&quot;, &quot;geometry&quot;: {&quot;attrs&quot;: {}, &quot;type&quot;: &quot;Cylinder&quot;, &quot;axis&quot;: 2, &quot;sidewall_angle&quot;: 0.0, &quot;reference_plane&quot;: &quot;middle&quot;, &quot;radius&quot;: 0.38, &quot;center&quot;: [0.0, 0.0, 0.0], &quot;length&quot;: 0.9938141756667205}, &quot;transform&quot;: [[0.7088982585588471, 0.6822143946541848, -0.17901614100091298, -6.743835812012668], [0.6822143946541848, -0.5988103608355109, 0.4195350658558473, -6.8291579405189715], [0.17901614100091298, -0.4195350658558473, -0.889912102276664, -0.5977353781278836], [0.0, 0.0, 0.0, 1.0]]}, {&quot;attrs&quot;: {}, &quot;type&quot;: &quot;Transformed&quot;, &quot;geometry&quot;: {&quot;attrs&quot;: {}, &quot;type&quot;: &quot;Cylinder&quot;, &quot;axis&quot;: 2, &quot;sidewall_angle&quot;: 0.0, &quot;reference_plane&quot;: &quot;middle&quot;, &quot;radius&quot;: 0.38, &quot;center&quot;: [0.0, 0.0, 0.0], &quot;length&quot;: 0.9555617947234656}, &quot;transform&quot;: [[0.7016403508198791, 0.40831868500273694, -0.5839320761689601, -2.150237472005656], [0.40831868500273694, 0.441197397233456, 0.7991374776295123, -4.199773210837605], [0.5839320761689601, -0.7991374776295123, 0.1428377480533354, 0.6600703243907187], [0.0, 0.0, 0.0, 1.0]]}, {&quot;attrs&quot;: {}, &quot;type&quot;: &quot;Transformed&quot;, &quot;geometry&quot;: {&quot;attrs&quot;: {}, &quot;type&quot;: &quot;Cylinder&quot;, &quot;axis&quot;: 2, &quot;sidewall_angle&quot;: 0.0, &quot;reference_plane&quot;: &quot;middle&quot;, &quot;radius&quot;: 0.38, &quot;center&quot;: [0.0, 0.0, 0.0], &quot;length&quot;: 1.0195684122385122}, &quot;transform&quot;: [[0.9778857254233246, -0.07461892351569184, -0.1953753420128993, -2.329630443230741], [-0.07461892351569184, 0.7482176624272627, -0.6592437681808165, -3.4818895868561404], [0.1953753420128993, 0.6592437681808165, 0.7261033878505874, 0.3581596042963507], [0.0, 0.0, 0.0, 1.0]]}, {&quot;attrs&quot;: {}, &quot;type&quot;: &quot;Transformed&quot;, &quot;geometry&quot;: {&quot;attrs&quot;: {}, &quot;type&quot;: &quot;Cylinder&quot;, &quot;axis&quot;: 2, &quot;sidewall_angle&quot;: 0.0, &quot;reference_plane&quot;: &quot;middle&quot;, &quot;radius&quot;: 0.38, &quot;center&quot;: [0.0, 0.0, 0.0], &quot;length&quot;: 0.9728590223344459}, &quot;transform&quot;: [[-0.5238841628596075, 0.48766201713950846, 0.6983775060411913, -2.7689408783286247], [0.48766201713950846, 0.8439420470685189, -0.22348954836686155, -3.7092503366924197], [-0.6983775060411913, 0.22348954836686155, -0.6799421157910887, 1.059059168339669], [0.0, 0.0, 0.0, 1.0]]}, {&quot;attrs&quot;: {}, &quot;type&quot;: &quot;Transformed&quot;, &quot;geometry&quot;: {&quot;attrs&quot;: {}, &quot;type&quot;: &quot;Cylinder&quot;, &quot;axis&quot;: 2, &quot;sidewall_angle&quot;: 0.0, &quot;reference_plane&quot;: &quot;middle&quot;, &quot;radius&quot;: 0.38, &quot;center&quot;: [0.0, 0.0, 0.0], &quot;length&quot;: 0.9592840798892895}, &quot;transform&quot;: [[0.9649980848563127, 0.08148679654386848, -0.24927614850335536, 4.324608982874332], [0.08148679654386848, 0.810293294417652, 0.5803315250878645, -4.012469502930039], [0.24927614850335536, -0.5803315250878645, 0.7752913792739646, 5.415930286118817], [0.0, 0.0, 0.0, 1.0]]}, {&quot;attrs&quot;: {}, &quot;type&quot;: &quot;Transformed&quot;, &quot;geometry&quot;: {&quot;attrs&quot;: {}, &quot;type&quot;: &quot;Cylinder&quot;, &quot;axis&quot;: 2, &quot;sidewall_angle&quot;: 0.0, &quot;reference_plane&quot;: &quot;middle&quot;, &quot;radius&quot;: 0.38, &quot;center&quot;: [0.0, 0.0, 0.0], &quot;length&quot;: 0.9565799668570326}, &quot;transform&quot;: [[0.5940927667430022, -0.5899273301480823, -0.5468450691448176, 4.466596124356046], [-0.5899273301480823, 0.1426261314360434, -0.7947600466656234, -3.353993623839567], [0.5468450691448176, 0.7947600466656234, -0.2632811018209543, 5.9137189688474585], [0.0, 0.0, 0.0, 1.0]]}, {&quot;attrs&quot;: {}, &quot;type&quot;: &quot;Transformed&quot;, &quot;geometry&quot;: {&quot;attrs&quot;: {}, &quot;type&quot;: &quot;Cylinder&quot;, &quot;axis&quot;: 2, &quot;sidewall_angle&quot;: 0.0, &quot;reference_plane&quot;: &quot;middle&quot;, &quot;radius&quot;: 0.38, &quot;center&quot;: [0.0, 0.0, 0.0], &quot;length&quot;: 1.0075278439359385}, &quot;transform&quot;: [[-0.1565756126303952, -0.5577322861044818, 0.8151188714329247, 3.794418025653946], [-0.5577322861044818, 0.7310462890914007, 0.39307253814322973, -3.9321351997217264], [-0.8151188714329247, -0.39307253814322973, -0.42552932353899464, 6.002159918160793], [0.0, 0.0, 0.0, 1.0]]}, {&quot;attrs&quot;: {}, &quot;type&quot;: &quot;Transformed&quot;, &quot;geometry&quot;: {&quot;attrs&quot;: {}, &quot;type&quot;: &quot;Cylinder&quot;, &quot;axis&quot;: 2, &quot;sidewall_angle&quot;: 0.0, &quot;reference_plane&quot;: &quot;middle&quot;, &quot;radius&quot;: 0.38, &quot;center&quot;: [0.0, 0.0, 0.0], &quot;length&quot;: 0.9359308178253404}, &quot;transform&quot;: [[0.9505829523762918, -0.2723739491198294, -0.14901168575800172, -5.9633870124469865], [-0.2723739491198294, -0.5012545614630997, -0.8213137624886755, -4.781651365705903], [0.14901168575800172, 0.8213137624886755, -0.5506716090868079, 1.2883833023887177], [0.0, 0.0, 0.0, 1.0]]}, {&quot;attrs&quot;: {}, &quot;type&quot;: &quot;Transformed&quot;, &quot;geometry&quot;: {&quot;attrs&quot;: {}, &quot;type&quot;: &quot;Cylinder&quot;, &quot;axis&quot;: 2, &quot;sidewall_angle&quot;: 0.0, &quot;reference_plane&quot;: &quot;middle&quot;, &quot;radius&quot;: 0.38, &quot;center&quot;: [0.0, 0.0, 0.0], &quot;length&quot;: 0.9487349972455938}, &quot;transform&quot;: [[0.5490105441992521, -0.6118867463715011, 0.569369855167043, -6.303209780792606], [-0.6118867463715011, 0.1698134278542467, 0.772501138727503, -5.532447772674346], [-0.569369855167043, -0.772501138727503, -0.28117602794650126, 1.1640680488177213], [0.0, 0.0, 0.0, 1.0]]}, {&quot;attrs&quot;: {}, &quot;type&quot;: &quot;Transformed&quot;, &quot;geometry&quot;: {&quot;attrs&quot;: {}, &quot;type&quot;: &quot;Cylinder&quot;, &quot;axis&quot;: 2, &quot;sidewall_angle&quot;: 0.0, &quot;reference_plane&quot;: &quot;middle&quot;, &quot;radius&quot;: 0.38, &quot;center&quot;: [0.0, 0.0, 0.0], &quot;length&quot;: 0.9885846762114467}, &quot;transform&quot;: [[0.787400155079578, -0.07384338338088191, -0.6120033909313909, -5.7306108685730095], [-0.07384338338088191, 0.9743516027907878, -0.21257024455432846, -5.060926682519906], [0.6120033909313909, 0.21257024455432846, 0.7617517578703656, 0.6541587218156331], [0.0, 0.0, 0.0, 1.0]]}, {&quot;attrs&quot;: {}, &quot;type&quot;: &quot;Transformed&quot;, &quot;geometry&quot;: {&quot;attrs&quot;: {}, &quot;type&quot;: &quot;Cylinder&quot;, &quot;axis&quot;: 2, &quot;sidewall_angle&quot;: 0.0, &quot;reference_plane&quot;: &quot;middle&quot;, &quot;radius&quot;: 0.38, &quot;center&quot;: [0.0, 0.0, 0.0], &quot;length&quot;: 1.008596051519271}, &quot;transform&quot;: [[0.9983103079876168, 0.04884678571804581, -0.03147253549820139, 5.877176856558213], [0.04884678571804581, -0.41209667649371884, 0.9098298306539784, 1.2551830902489587], [0.03147253549820139, -0.9098298306539784, -0.4137863685061023, 6.580287194085103], [0.0, 0.0, 0.0, 1.0]]}, {&quot;attrs&quot;: {}, &quot;type&quot;: &quot;Transformed&quot;, &quot;geometry&quot;: {&quot;attrs&quot;: {}, &quot;type&quot;: &quot;Cylinder&quot;, &quot;axis&quot;: 2, &quot;sidewall_angle&quot;: 0.0, &quot;reference_plane&quot;: &quot;middle&quot;, &quot;radius&quot;: 0.38, &quot;center&quot;: [0.0, 0.0, 0.0], &quot;length&quot;: 1.0283099646898257}, &quot;transform&quot;: [[0.5300175203676266, 0.5461377086594245, 0.6487025753637689, 5.527771686457479], [0.5461377086594245, 0.36536698760967784, -0.7538173303561436, 2.1015875854050297], [-0.6487025753637689, 0.7538173303561436, -0.10461549202269557, 6.4254029206187], [0.0, 0.0, 0.0, 1.0]]}, {&quot;attrs&quot;: {}, &quot;type&quot;: &quot;Transformed&quot;, &quot;geometry&quot;: {&quot;attrs&quot;: {}, &quot;type&quot;: &quot;Cylinder&quot;, &quot;axis&quot;: 2, &quot;sidewall_angle&quot;: 0.0, &quot;reference_plane&quot;: &quot;middle&quot;, &quot;radius&quot;: 0.38, &quot;center&quot;: [0.0, 0.0, 0.0], &quot;length&quot;: 0.9981828241686238}, &quot;transform&quot;: [[0.6211151461071365, -0.04804755881513806, -0.7822451069634228, 6.2517170625714495], [-0.04804755881513806, 0.9939069406328211, -0.09919891861210905, 1.7635179918917894], [0.7822451069634228, 0.09919891861210905, 0.6150220867399574, 6.064663603926254], [0.0, 0.0, 0.0, 1.0]]}, {&quot;attrs&quot;: {}, &quot;type&quot;: &quot;Transformed&quot;, &quot;geometry&quot;: {&quot;attrs&quot;: {}, &quot;type&quot;: &quot;Cylinder&quot;, &quot;axis&quot;: 2, &quot;sidewall_angle&quot;: 0.0, &quot;reference_plane&quot;: &quot;middle&quot;, &quot;radius&quot;: 0.38, &quot;center&quot;: [0.0, 0.0, 0.0], &quot;length&quot;: 0.9760607710099694}, &quot;transform&quot;: [[0.9990949348186086, -0.012677447275481445, 0.04060287613430762, -3.1313547200852754], [-0.012677447275481445, 0.822424204657276, 0.5687334260656961, 6.144207119465477], [-0.04060287613430762, -0.5687334260656961, 0.8215191394758844, 3.38245196995635], [0.0, 0.0, 0.0, 1.0]]}, {&quot;attrs&quot;: {}, &quot;type&quot;: &quot;Transformed&quot;, &quot;geometry&quot;: {&quot;attrs&quot;: {}, &quot;type&quot;: &quot;Cylinder&quot;, &quot;axis&quot;: 2, &quot;sidewall_angle&quot;: 0.0, &quot;reference_plane&quot;: &quot;middle&quot;, &quot;radius&quot;: 0.38, &quot;center&quot;: [0.0, 0.0, 0.0], &quot;length&quot;: 0.987914023151444}, &quot;transform&quot;: [[-0.21692076322505216, -0.4016450643959999, -0.889734019091208, -2.6720500839218744], [-0.4016450643959999, 0.8674369255347867, -0.29365698095752835, 6.566820923777994], [0.889734019091208, 0.29365698095752835, -0.3494838376902656, 3.9560075493560953], [0.0, 0.0, 0.0, 1.0]]}, {&quot;attrs&quot;: {}, &quot;type&quot;: &quot;Transformed&quot;, &quot;geometry&quot;: {&quot;attrs&quot;: {}, &quot;type&quot;: &quot;Cylinder&quot;, &quot;axis&quot;: 2, &quot;sidewall_angle&quot;: 0.0, &quot;reference_plane&quot;: &quot;middle&quot;, &quot;radius&quot;: 0.38, &quot;center&quot;: [0.0, 0.0, 0.0], &quot;length&quot;: 1.0288504993200343}, &quot;transform&quot;: [[-0.25357013344595686, 0.6284851309302455, 0.7353289247838628, -3.489811763504901], [0.6284851309302455, 0.6849050968416068, -0.3686616992853765, 6.611416772328218], [-0.7353289247838628, 0.3686616992853765, -0.56866503660435, 4.075914125922015], [0.0, 0.0, 0.0, 1.0]]}, {&quot;attrs&quot;: {}, &quot;type&quot;: &quot;Transformed&quot;, &quot;geometry&quot;: {&quot;attrs&quot;: {}, &quot;type&quot;: &quot;Cylinder&quot;, &quot;axis&quot;: 2, &quot;sidewall_angle&quot;: 0.0, &quot;reference_plane&quot;: &quot;middle&quot;, &quot;radius&quot;: 0.38, &quot;center&quot;: [0.0, 0.0, 0.0], &quot;length&quot;: 0.9966756008322056}, &quot;transform&quot;: [[0.8552692734091515, 0.3267424520721752, 0.40218632494907686, -2.6174471248683977], [0.3267424520721752, 0.262349934247561, -0.9079713002150248, -2.2719730131805584], [-0.40218632494907686, 0.9079713002150248, 0.11761920765671238, 2.3813019109250195], [0.0, 0.0, 0.0, 1.0]]}, {&quot;attrs&quot;: {}, &quot;type&quot;: &quot;Transformed&quot;, &quot;geometry&quot;: {&quot;attrs&quot;: {}, &quot;type&quot;: &quot;Cylinder&quot;, &quot;axis&quot;: 2, &quot;sidewall_angle&quot;: 0.0, &quot;reference_plane&quot;: &quot;middle&quot;, &quot;radius&quot;: 0.38, &quot;center&quot;: [0.0, 0.0, 0.0], &quot;length&quot;: 0.9233182479714959}, &quot;transform&quot;: [[0.6475295910118108, -0.4220401190193436, 0.6344978854986167, -2.7099435422279208], [-0.4220401190193436, 0.49465867908409306, 0.7597334592769486, -3.0751887756388214], [-0.6344978854986167, -0.7597334592769486, 0.14218827009590362, 2.3742734816418682], [0.0, 0.0, 0.0, 1.0]]}, {&quot;attrs&quot;: {}, &quot;type&quot;: &quot;Transformed&quot;, &quot;geometry&quot;: {&quot;attrs&quot;: {}, &quot;type&quot;: &quot;Cylinder&quot;, &quot;axis&quot;: 2, &quot;sidewall_angle&quot;: 0.0, &quot;reference_plane&quot;: &quot;middle&quot;, &quot;radius&quot;: 0.38, &quot;center&quot;: [0.0, 0.0, 0.0], &quot;length&quot;: 0.9694985314100811}, &quot;transform&quot;: [[-0.18050591590775417, 0.16976572466420087, -0.9688122692511392, -1.9473911399112005], [0.16976572466420087, 0.9755863982701013, 0.13932256902458456, -2.7919866903992783], [0.9688122692511392, -0.13932256902458456, -0.20491951763765287, 2.5392506653586224], [0.0, 0.0, 0.0, 1.0]]}, {&quot;attrs&quot;: {}, &quot;type&quot;: &quot;Transformed&quot;, &quot;geometry&quot;: {&quot;attrs&quot;: {}, &quot;type&quot;: &quot;Cylinder&quot;, &quot;axis&quot;: 2, &quot;sidewall_angle&quot;: 0.0, &quot;reference_plane&quot;: &quot;middle&quot;, &quot;radius&quot;: 0.38, &quot;center&quot;: [0.0, 0.0, 0.0], &quot;length&quot;: 1.0123655295460154}, &quot;transform&quot;: [[0.9004221568345372, -0.3211775430278246, 0.2934023267393252, -5.66088141410607], [-0.3211775430278246, -0.03592336273023572, 0.9463374122715225, 5.641118872357718], [-0.2934023267393252, -0.9463374122715225, -0.13550120589569842, -0.27480228999860135], [0.0, 0.0, 0.0, 1.0]]}, {&quot;attrs&quot;: {}, &quot;type&quot;: &quot;Transformed&quot;, &quot;geometry&quot;: {&quot;attrs&quot;: {}, &quot;type&quot;: &quot;Cylinder&quot;, &quot;axis&quot;: 2, &quot;sidewall_angle&quot;: 0.0, &quot;reference_plane&quot;: &quot;middle&quot;, &quot;radius&quot;: 0.38, &quot;center&quot;: [0.0, 0.0, 0.0], &quot;length&quot;: 0.8997404839506792}, &quot;transform&quot;: [[0.8271922617006654, 0.4807961693118302, 0.2908401721867314, -5.643205236207996], [0.4807961693118302, -0.3377002598373823, -0.8091931648752566, 6.484170027398023], [-0.2908401721867314, 0.8091931648752566, -0.5105079981367168, -0.11372756477904339], [0.0, 0.0, 0.0, 1.0]]}, {&quot;attrs&quot;: {}, &quot;type&quot;: &quot;Transformed&quot;, &quot;geometry&quot;: {&quot;attrs&quot;: {}, &quot;type&quot;: &quot;Cylinder&quot;, &quot;axis&quot;: 2, &quot;sidewall_angle&quot;: 0.0, &quot;reference_plane&quot;: &quot;middle&quot;, &quot;radius&quot;: 0.38, &quot;center&quot;: [0.0, 0.0, 0.0], &quot;length&quot;: 0.9940644262658395}, &quot;transform&quot;: [[0.772724730653168, -0.10510651978103704, -0.6259785221047981, -5.201233578954275], [-0.10510651978103704, 0.9513920694837116, -0.28949222722383916, 6.264025036292728], [0.6259785221047981, 0.28949222722383916, 0.7241168001368797, -0.703299096970506], [0.0, 0.0, 0.0, 1.0]]}, {&quot;attrs&quot;: {}, &quot;type&quot;: &quot;Transformed&quot;, &quot;geometry&quot;: {&quot;attrs&quot;: {}, &quot;type&quot;: &quot;Cylinder&quot;, &quot;axis&quot;: 2, &quot;sidewall_angle&quot;: 0.0, &quot;reference_plane&quot;: &quot;middle&quot;, &quot;radius&quot;: 0.38, &quot;center&quot;: [0.0, 0.0, 0.0], &quot;length&quot;: 0.9963009533065827}, &quot;transform&quot;: [[0.4328302853516264, -0.6717917138453462, 0.6011271390406211, -2.377859911070585], [-0.6717917138453462, 0.20428736736928726, 0.7120130369186075, 6.33305951280817], [-0.6011271390406211, -0.7120130369186075, -0.36288234727908636, -1.342272693545492], [0.0, 0.0, 0.0, 1.0]]}, {&quot;attrs&quot;: {}, &quot;type&quot;: &quot;Transformed&quot;, &quot;geometry&quot;: {&quot;attrs&quot;: {}, &quot;type&quot;: &quot;Cylinder&quot;, &quot;axis&quot;: 2, &quot;sidewall_angle&quot;: 0.0, &quot;reference_plane&quot;: &quot;middle&quot;, &quot;radius&quot;: 0.38, &quot;center&quot;: [0.0, 0.0, 0.0], &quot;length&quot;: 1.0240128226570528}, &quot;transform&quot;: [[0.9874398972850554, 0.03359661300714404, 0.1543817244499093, -2.157451800740854], [0.03359661300714404, 0.9101335051815486, -0.41295068754077213, 6.8991819741176155], [-0.1543817244499093, 0.41295068754077213, 0.8975734024666039, -1.982606216111989], [0.0, 0.0, 0.0, 1.0]]}, {&quot;attrs&quot;: {}, &quot;type&quot;: &quot;Transformed&quot;, &quot;geometry&quot;: {&quot;attrs&quot;: {}, &quot;type&quot;: &quot;Cylinder&quot;, &quot;axis&quot;: 2, &quot;sidewall_angle&quot;: 0.0, &quot;reference_plane&quot;: &quot;middle&quot;, &quot;radius&quot;: 0.38, &quot;center&quot;: [0.0, 0.0, 0.0], &quot;length&quot;: 0.9952556156992526}, &quot;transform&quot;: [[-0.27193669578314644, -0.5788610533805582, -0.7687459361620684, -1.6958577413257083], [-0.5788610533805582, 0.7365591226106291, -0.34985788511652954, 6.861847644163495], [0.7687459361620684, 0.34985788511652954, -0.5353775731725172, -1.2566245260002131], [0.0, 0.0, 0.0, 1.0]]}, {&quot;attrs&quot;: {}, &quot;type&quot;: &quot;Transformed&quot;, &quot;geometry&quot;: {&quot;attrs&quot;: {}, &quot;type&quot;: &quot;Cylinder&quot;, &quot;axis&quot;: 2, &quot;sidewall_angle&quot;: 0.0, &quot;reference_plane&quot;: &quot;middle&quot;, &quot;radius&quot;: 0.38, &quot;center&quot;: [0.0, 0.0, 0.0], &quot;length&quot;: 0.956036557983281}, &quot;transform&quot;: [[-0.5115369058096652, 0.0215326041219504, -0.8589914673350377, -5.296521348086069], [0.0215326041219504, 0.999693257214898, 0.012236765863385238, 5.423685153260735], [0.8589914673350377, -0.012236765863385238, -0.5118436485947673, 4.519423028644585], [0.0, 0.0, 0.0, 1.0]]}, {&quot;attrs&quot;: {}, &quot;type&quot;: &quot;Transformed&quot;, &quot;geometry&quot;: {&quot;attrs&quot;: {}, &quot;type&quot;: &quot;Cylinder&quot;, &quot;axis&quot;: 2, &quot;sidewall_angle&quot;: 0.0, &quot;reference_plane&quot;: &quot;middle&quot;, &quot;radius&quot;: 0.38, &quot;center&quot;: [0.0, 0.0, 0.0], &quot;length&quot;: 0.9591725400509642}, &quot;transform&quot;: [[-0.20464611690176104, 0.452033183506022, 0.8682084817867435, -6.123516510452677], [0.452033183506022, 0.8303784023177554, -0.32578782968923714, 5.585778035479195], [-0.8682084817867435, 0.32578782968923714, -0.3742677145840059, 4.454246680757004], [0.0, 0.0, 0.0, 1.0]]}, {&quot;attrs&quot;: {}, &quot;type&quot;: &quot;Transformed&quot;, &quot;geometry&quot;: {&quot;attrs&quot;: {}, &quot;type&quot;: &quot;Cylinder&quot;, &quot;axis&quot;: 2, &quot;sidewall_angle&quot;: 0.0, &quot;reference_plane&quot;: &quot;middle&quot;, &quot;radius&quot;: 0.38, &quot;center&quot;: [0.0, 0.0, 0.0], &quot;length&quot;: 1.0108053963692716}, &quot;transform&quot;: [[0.9992587679954752, -0.006625183885892921, 0.037921254233519774, -5.726300861277096], [-0.006625183885892921, 0.9407836395973852, 0.33894284238552, 5.258231780947584], [-0.037921254233519774, -0.33894284238552, 0.9400424075928604, 3.799651810226954], [0.0, 0.0, 0.0, 1.0]]}, {&quot;attrs&quot;: {}, &quot;type&quot;: &quot;Transformed&quot;, &quot;geometry&quot;: {&quot;attrs&quot;: {}, &quot;type&quot;: &quot;Cylinder&quot;, &quot;axis&quot;: 2, &quot;sidewall_angle&quot;: 0.0, &quot;reference_plane&quot;: &quot;middle&quot;, &quot;radius&quot;: 0.38, &quot;center&quot;: [0.0, 0.0, 0.0], &quot;length&quot;: 0.9917278009135359}, &quot;transform&quot;: [[0.2968643247241288, -0.8533225278163128, 0.42861665416461053, 5.50300844944907], [-0.8533225278163128, -0.03558866671518646, 0.5201673868310216, 6.475632952561725], [-0.42861665416461053, -0.5201673868310216, -0.7387243419910577, 4.3760759611713596], [0.0, 0.0, 0.0, 1.0]]}, {&quot;attrs&quot;: {}, &quot;type&quot;: &quot;Transformed&quot;, &quot;geometry&quot;: {&quot;attrs&quot;: {}, &quot;type&quot;: &quot;Cylinder&quot;, &quot;axis&quot;: 2, &quot;sidewall_angle&quot;: 0.0, &quot;reference_plane&quot;: &quot;middle&quot;, &quot;radius&quot;: 0.38, &quot;center&quot;: [0.0, 0.0, 0.0], &quot;length&quot;: 0.9485004608675481}, &quot;transform&quot;: [[0.847709583217882, 0.29487617650717424, 0.4409495470562075, 5.50642327938359], [0.29487617650717424, 0.42903853499926775, -0.8537997282818682, 7.138480328766864], [-0.4409495470562075, 0.8537997282818682, 0.2767481182171498, 3.8785217977514526], [0.0, 0.0, 0.0, 1.0]]}, {&quot;attrs&quot;: {}, &quot;type&quot;: &quot;Transformed&quot;, &quot;geometry&quot;: {&quot;attrs&quot;: {}, &quot;type&quot;: &quot;Cylinder&quot;, &quot;axis&quot;: 2, &quot;sidewall_angle&quot;: 0.0, &quot;reference_plane&quot;: &quot;middle&quot;, &quot;radius&quot;: 0.38, &quot;center&quot;: [0.0, 0.0, 0.0], &quot;length&quot;: 1.00595769865091}, &quot;transform&quot;: [[0.4678005916675608, 0.22146548295706014, -0.8556375671358032, 6.145910244445382], [0.22146548295706014, 0.907841009641321, 0.35605862027484025, 6.554475770166308], [0.8556375671358032, -0.35605862027484025, 0.37564160130888175, 3.8208300478024304], [0.0, 0.0, 0.0, 1.0]]}, {&quot;attrs&quot;: {}, &quot;type&quot;: &quot;Transformed&quot;, &quot;geometry&quot;: {&quot;attrs&quot;: {}, &quot;type&quot;: &quot;Cylinder&quot;, &quot;axis&quot;: 2, &quot;sidewall_angle&quot;: 0.0, &quot;reference_plane&quot;: &quot;middle&quot;, &quot;radius&quot;: 0.38, &quot;center&quot;: [0.0, 0.0, 0.0], &quot;length&quot;: 1.0088119729355707}, &quot;transform&quot;: [[0.9999161147517032, 0.006258353949235716, 0.011340038170352229, -4.730636266076928], [0.006258353949235716, 0.5330884160314039, -0.8460363902923888, -2.9614326109440787], [-0.011340038170352229, 0.8460363902923888, 0.533004530783107, -2.6584851439056036], [0.0, 0.0, 0.0, 1.0]]}, {&quot;attrs&quot;: {}, &quot;type&quot;: &quot;Transformed&quot;, &quot;geometry&quot;: {&quot;attrs&quot;: {}, &quot;type&quot;: &quot;Cylinder&quot;, &quot;axis&quot;: 2, &quot;sidewall_angle&quot;: 0.0, &quot;reference_plane&quot;: &quot;middle&quot;, &quot;radius&quot;: 0.38, &quot;center&quot;: [0.0, 0.0, 0.0], &quot;length&quot;: 1.021227201864575}, &quot;transform&quot;: [[0.8380617903742805, -0.33467576705556445, 0.4308649051157739, -4.944922564451183], [-0.33467576705556445, 0.3083295825419504, 0.8904633622307411, -3.8428605628657513], [-0.4308649051157739, -0.8904633622307411, 0.14639137291623106, -2.4643832360362685], [0.0, 0.0, 0.0, 1.0]]}, {&quot;attrs&quot;: {}, &quot;type&quot;: &quot;Transformed&quot;, &quot;geometry&quot;: {&quot;attrs&quot;: {}, &quot;type&quot;: &quot;Cylinder&quot;, &quot;axis&quot;: 2, &quot;sidewall_angle&quot;: 0.0, &quot;reference_plane&quot;: &quot;middle&quot;, &quot;radius&quot;: 0.38, &quot;center&quot;: [0.0, 0.0, 0.0], &quot;length&quot;: 1.0079182279150105}, &quot;transform&quot;: [[-0.6448890557959026, -0.5588773578698655, -0.5213196759907186, -4.462193167334109], [-0.5588773578698655, 0.8101124814229678, -0.17712669562525085, -3.298913046193909], [0.5213196759907186, 0.17712669562525085, -0.834776574372935, -1.9689397463949851], [0.0, 0.0, 0.0, 1.0]]}, {&quot;attrs&quot;: {}, &quot;type&quot;: &quot;Transformed&quot;, &quot;geometry&quot;: {&quot;attrs&quot;: {}, &quot;type&quot;: &quot;Cylinder&quot;, &quot;axis&quot;: 2, &quot;sidewall_angle&quot;: 0.0, &quot;reference_plane&quot;: &quot;middle&quot;, &quot;radius&quot;: 0.38, &quot;center&quot;: [0.0, 0.0, 0.0], &quot;length&quot;: 0.9848738412865665}, &quot;transform&quot;: [[0.14796519029642025, 0.966561372435871, 0.20944072138777045, 2.7625044673004533], [0.966561372435871, -0.09648206393132452, -0.23759277062746956, -6.648958451671161], [-0.20944072138777045, 0.23759277062746956, -0.9485168736349043, 4.476222855980497], [0.0, 0.0, 0.0, 1.0]]}, {&quot;attrs&quot;: {}, &quot;type&quot;: &quot;Transformed&quot;, &quot;geometry&quot;: {&quot;attrs&quot;: {}, &quot;type&quot;: &quot;Cylinder&quot;, &quot;axis&quot;: 2, &quot;sidewall_angle&quot;: 0.0, &quot;reference_plane&quot;: &quot;middle&quot;, &quot;radius&quot;: 0.38, &quot;center&quot;: [0.0, 0.0, 0.0], &quot;length&quot;: 0.9855874049472597}, &quot;transform&quot;: [[0.7257465575759781, -0.2722204465014846, 0.6318132340123545, 2.554287071037632], [-0.2722204465014846, 0.7297974791547164, 0.6271297058232482, -7.0750042458676194], [-0.6318132340123545, -0.6271297058232482, 0.45554403673069427, 3.7846497244467843], [0.0, 0.0, 0.0, 1.0]]}, {&quot;attrs&quot;: {}, &quot;type&quot;: &quot;Transformed&quot;, &quot;geometry&quot;: {&quot;attrs&quot;: {}, &quot;type&quot;: &quot;Cylinder&quot;, &quot;axis&quot;: 2, &quot;sidewall_angle&quot;: 0.0, &quot;reference_plane&quot;: &quot;middle&quot;, &quot;radius&quot;: 0.38, &quot;center&quot;: [0.0, 0.0, 0.0], &quot;length&quot;: 0.964054537088526}, &quot;transform&quot;: [[0.5671195719452231, -0.19328764929519426, -0.8006342958845848, 3.2515687457449647], [-0.19328764929519426, 0.9136941451986034, -0.3574953057869874, -6.593636204737843], [0.8006342958845848, 0.3574953057869874, 0.48081371714382654, 3.7773739058928317], [0.0, 0.0, 0.0, 1.0]]}, {&quot;attrs&quot;: {}, &quot;type&quot;: &quot;Transformed&quot;, &quot;geometry&quot;: {&quot;attrs&quot;: {}, &quot;type&quot;: &quot;Cylinder&quot;, &quot;axis&quot;: 2, &quot;sidewall_angle&quot;: 0.0, &quot;reference_plane&quot;: &quot;middle&quot;, &quot;radius&quot;: 0.38, &quot;center&quot;: [0.0, 0.0, 0.0], &quot;length&quot;: 1.018966369102601}, &quot;transform&quot;: [[0.9978760797332371, -0.050855833492260465, -0.04070643310379636, 4.997347639924142], [-0.050855833492260465, -0.21770851790697532, -0.9746879938885856, -6.348173138259568], [0.04070643310379636, 0.9746879938885856, -0.2198324381737383, -4.4718156089712044], [0.0, 0.0, 0.0, 1.0]]}, {&quot;attrs&quot;: {}, &quot;type&quot;: &quot;Transformed&quot;, &quot;geometry&quot;: {&quot;attrs&quot;: {}, &quot;type&quot;: &quot;Cylinder&quot;, &quot;axis&quot;: 2, &quot;sidewall_angle&quot;: 0.0, &quot;reference_plane&quot;: &quot;middle&quot;, &quot;radius&quot;: 0.38, &quot;center&quot;: [0.0, 0.0, 0.0], &quot;length&quot;: 0.9649139596377279}, &quot;transform&quot;: [[0.7249656268620557, -0.051069670556656094, 0.6868891676375025, 4.64521260786989], [-0.051069670556656094, 0.9905171443808687, 0.1275447977645649, -6.90629477315208], [-0.6868891676375025, -0.1275447977645649, 0.7154827712429244, -4.929006711364413], [0.0, 0.0, 0.0, 1.0]]}, {&quot;attrs&quot;: {}, &quot;type&quot;: &quot;Transformed&quot;, &quot;geometry&quot;: {&quot;attrs&quot;: {}, &quot;type&quot;: &quot;Cylinder&quot;, &quot;axis&quot;: 2, &quot;sidewall_angle&quot;: 0.0, &quot;reference_plane&quot;: &quot;middle&quot;, &quot;radius&quot;: 0.38, &quot;center&quot;: [0.0, 0.0, 0.0], &quot;length&quot;: 1.0044161526890572}, &quot;transform&quot;: [[0.5366408342097565, 0.6423604119562261, -0.5471651635567494, 5.251399261086974], [0.6423604119562261, 0.1094879969734685, 0.7585416795866693, -7.2257057816629695], [0.5471651635567494, -0.7585416795866693, -0.35387116881677505, -4.406100152672689], [0.0, 0.0, 0.0, 1.0]]}, {&quot;attrs&quot;: {}, &quot;type&quot;: &quot;Transformed&quot;, &quot;geometr